4517 3058.352 458.598  14.283 259   1.622 pinhole
4517 3048.359 459.566  13.263 515   2.153 pinhole
4517 3053.792 462.491  13.385 1027   1.979 pinhole
4517 3059.210 465.415  13.511 771   2.070 pinhole
4533 2689.633 477.661  13.558 515   2.120 pinhole
4533 2688.578 483.363  13.338 1027   1.933 pinhole
4533 2694.203 485.773  13.312 259   2.281 pinhole
4533 2687.513 489.038  12.793 771   1.979 pinhole
4534 2624.458 490.967  13.527 259   2.096 pinhole
4534 2630.302 495.221  13.580 771   2.307 pinhole
4534 2624.193 496.748  13.218 1027   2.251 pinhole
4534 2618.078 498.289  13.316 515   2.334 pinhole
4482 3395.421 497.961  13.411 771   2.140 pinhole
4482 3397.540 503.448  13.300 1027   2.091 pinhole
4482 3391.286 503.637  13.419 259   2.207 pinhole
4542 2444.131 507.059  12.973 771   2.657 pinhole
4482 3399.672 508.872  13.494 515   2.496 pinhole
4542 2448.432 511.057  13.033 1027   1.915 pinhole
4542 2442.886 513.885  13.327 259   2.267 pinhole
4542 2452.766 515.079  13.053 515   2.254 pinhole
4439 3679.972 553.945  13.378 259   2.374 pinhole
4439 3671.889 558.951  13.286 515   2.297 pinhole
4439 3678.119 559.367  13.058 1027   2.252 pinhole
4439 3684.332 559.782  13.373 771   2.328 pinhole
5439 2088.312 617.123  13.478 515   2.124 pinhole
5439 2084.528 621.951  13.549 1027   1.893 pinhole
5439 2088.217 626.430  13.637 259   1.947 pinhole
5439 2080.729 626.743  13.486 771   2.194 pinhole
9542 4038.036 676.524  13.472 515   2.268 pinhole
4496 2496.670 682.514  13.139 515   2.152 pinhole
9542 4037.164 682.266  13.085 1027   2.359 pinhole
9542 4042.798 685.033  13.258 259   2.652 pinhole
4496 2496.359 688.382  12.781 1027   2.081 pinhole
9542 4036.308 687.945  13.532 771   2.297 pinhole
4496 2502.336 690.142  13.089 259   2.212 pinhole
4496 2496.027 694.237  13.118 771   2.329 pinhole
5482 1824.802 736.902  13.446 771   2.309 pinhole
5482 1819.206 741.907  13.467 259   2.436 pinhole
5482 1825.297 742.732  13.312 1027   2.054 pinhole
5482 1825.788 748.540  13.247 515   2.349 pinhole
9534 4181.857 770.402  13.423 771   2.155 pinhole
9534 4187.220 773.634  13.172 1027   1.947 pinhole
9534 4182.880 777.441  13.434 259   2.045 pinhole
9534 4192.623 776.852  13.164 515   2.390 pinhole
9496 3966.634 849.904  13.680 771   2.089 pinhole
4541 2290.100 852.714  13.120 771   2.361 pinhole
4541 2296.212 853.926  12.881 1027   1.978 pinhole
9496 3971.628 853.754  13.431 1027   2.130 pinhole
4541 2302.335 855.126  12.972 515   2.189 pinhole
9496 3966.618 856.959  13.717 259   2.309 pinhole
9496 3976.636 857.606  13.714 515   2.203 pinhole
4541 2293.062 859.175  13.104 259   2.211 pinhole
9541 3709.692 861.446  13.433 771   2.143 pinhole
9541 3712.597 866.851  13.354 1027   2.004 pinhole
9541 3706.442 867.739  13.467 259   2.444 pinhole
9541 3715.533 872.219  13.650 515   2.269 pinhole
5517 1528.293 910.992  13.470 515   2.318 pinhole
5517 1522.231 912.017  13.053 1027   2.219 pinhole
5517 1516.146 913.016  13.275 771   2.273 pinhole
5517 1521.048 917.847  13.202 259   2.482 pinhole
9517 4553.358 992.010  13.332 771   2.286 pinhole
9517 4548.686 997.051  13.355 259   2.236 pinhole
9517 4554.704 997.893  12.837 1027   2.319 pinhole
9517 4556.097 1003.767  12.997 515   2.577 pinhole
4321 3047.816 1013.668  13.182 515   2.341 pinhole
4321 3044.667 1018.942  12.927 1027   2.033 pinhole
4321 3049.141 1023.264  13.249 259   2.158 pinhole
4321 3041.566 1024.142  13.314 771   2.082 pinhole
5534 1234.513 1142.333  13.073 771   1.990 pinhole
5534 1240.300 1143.477  13.047 1027   2.009 pinhole
5534 1246.132 1144.641  13.206 515   2.086 pinhole
5534 1237.076 1148.809  12.999 259   2.309 pinhole
5533 1194.258 1186.461  13.795 259   2.129 pinhole
5533 1201.313 1187.538  13.615 771   2.018 pinhole
5533 1196.654 1191.781  13.561 1027   2.043 pinhole
5533 1192.016 1196.018  13.554 515   2.296 pinhole
9482 4806.505 1227.859  13.266 259   2.160 pinhole
9482 4814.000 1230.000  13.266 771   0.000 pinhole
9482 4809.305 1233.381  13.104 1027   1.948 pinhole
9482 4805.311 1236.854  12.514 515   4.014 pinhole
5542 1062.746 1302.565  13.146 515   2.202 pinhole
5542 1063.460 1308.469  12.923 1027   1.984 pinhole
5542 1069.371 1308.960  13.124 259   2.189 pinhole
5542 1064.152 1314.406  13.029 771   2.200 pinhole
5321 1842.671 1361.378  13.256 771   2.141 pinhole
5321 1836.885 1366.383  13.353 259   2.080 pinhole
5321 1843.023 1367.480  12.935 1027   2.320 pinhole
5321 1843.381 1373.613  13.465 515   2.160 pinhole
5496 1207.241 1415.612  13.384 771   2.036 pinhole
4239 2481.589 1416.355  13.243 259   2.098 pinhole
4239 2488.092 1420.215  13.015 771   2.184 pinhole
5496 1201.506 1420.546  13.251 259   2.042 pinhole
5496 1207.375 1421.680  13.113 1027   2.030 pinhole
4239 2482.122 1422.539  12.909 1027   2.109 pinhole
4239 2476.124 1424.876  12.974 515   2.452 pinhole
5496 1207.503 1427.780  13.241 515   2.346 pinhole
9239 3533.424 1435.490  13.501 515   1.983 pinhole
9321 4223.442 1437.194  13.298 515   2.545 pinhole
9439 5001.707 1436.772  13.335 515   2.460 pinhole
9239 3528.353 1439.192  12.937 1027   2.312 pinhole
9239 3523.298 1442.902  12.786 771   2.192 pinhole
9321 4221.883 1443.025  13.035 1027   2.562 pinhole
9439 5003.404 1442.728  13.373 1027   2.219 pinhole
9439 5009.340 1443.249  13.332 259   2.666 pinhole
9239 3530.785 1444.989  13.001 259   2.368 pinhole
9321 4227.224 1446.489  13.585 259   2.195 pinhole
9321 4220.294 1448.905  13.528 771   2.196 pinhole
9439 5005.111 1448.704  13.342 771   2.441 pinhole
4150 3373.339 1523.049  12.997 515   2.242 pinhole
4150 3367.074 1524.434  12.779 1027   2.051 pinhole
4150 3360.819 1525.812  12.975 771   2.219 pinhole
4150 3366.767 1530.656  13.082 259   2.390 pinhole
5150 2398.852 1580.510  12.988 259   2.290 pinhole
5150 2406.312 1582.198  12.987 771   2.188 pinhole
5150 2401.288 1586.242  12.919 1027   1.981 pinhole
5150 2396.253 1590.287  13.555 515   2.050 pinhole
6439 828.940 1611.195  13.362 771   2.289 pinhole
6439 834.802 1611.381  13.345 1027   2.034 pinhole
6439 840.679 1611.593  13.507 515   2.153 pinhole
6439 832.533 1617.213  13.547 259   2.092 pinhole
5541 1134.115 1669.938  13.119 771   2.085 pinhole
5541 1138.169 1674.268  12.905 1027   1.845 pinhole
5541 1132.685 1677.292  13.169 259   1.996 pinhole
5541 1142.208 1678.571  13.089 515   2.104 pinhole
7541 4844.413 1709.069  13.488 771   2.614 pinhole
7541 4850.263 1710.760  13.324 1027   2.234 pinhole
7541 4856.168 1712.424  13.722 515   2.352 pinhole
7541 4847.416 1715.997  13.540 259   2.271 pinhole
7542 5222.307 1747.448  13.562 515   2.694 pinhole
7542 5219.979 1752.865  13.414 1027   2.324 pinhole
7542 5224.454 1757.178  13.684 259   2.445 pinhole
7542 5217.611 1758.278  13.709 771   2.329 pinhole
7496 5064.770 1848.487  13.554 515   2.552 pinhole
7496 5073.781 1852.169  13.347 259   2.961 pinhole
6482 694.460 1854.165  13.164 515   2.444 pinhole
7496 5068.231 1853.774  13.318 1027   2.440 pinhole
7496 5071.627 1859.063  13.617 771   2.390 pinhole
6482 695.636 1860.073  13.153 1027   2.255 pinhole
6482 701.484 1860.171  13.342 259   2.401 pinhole
6482 696.813 1866.027  13.240 771   2.303 pinhole
7534 5283.868 1914.913  13.106 771   2.545 pinhole
7534 5289.671 1915.763  12.862 1027   2.238 pinhole
7534 5295.499 1916.603  13.081 515   2.446 pinhole
7534 5287.654 1921.386  13.097 259   2.494 pinhole
4075 3033.071 2005.282  12.722 515   2.037 pinhole
4075 3026.711 2006.789  12.454 1027   1.910 pinhole
4075 3020.388 2008.333  13.078 771   1.749 pinhole
4075 3026.469 2013.238  12.890 259   2.058 pinhole
5239 1627.145 2019.022  12.680 515   2.266 pinhole
5239 1625.252 2025.138  12.693 1027   2.055 pinhole
5239 1630.487 2028.481  13.080 259   2.044 pinhole
5239 1623.383 2031.251  13.211 771   2.055 pinhole
9150 4182.089 2035.559  13.187 771   2.411 pinhole
9150 4185.706 2040.918  12.884 1027   2.118 pinhole
9150 4179.698 2042.729  13.026 259   2.392 pinhole
9150 4189.330 2046.266  13.260 515   2.097 pinhole
7239 4365.908 2060.251  13.174 771   2.671 pinhole
7239 4359.836 2064.551  13.472 259   2.253 pinhole
7239 4365.830 2066.613  13.029 1027   2.356 pinhole
7239 4365.772 2072.991  13.380 515   2.500 pinhole
6517 547.336 2170.090  13.376 771   2.107 pinhole
5075 2410.157 2170.289  13.175 771   2.288 pinhole
6517 550.913 2174.757  12.964 1027   2.058 pinhole
5075 2403.778 2174.770  13.226 259   2.245 pinhole
6517 545.548 2177.399  13.399 259   2.150 pinhole
5075 2409.928 2176.742  12.873 1027   2.178 pinhole
6517 554.513 2179.435  13.204 515   2.122 pinhole
5075 2409.671 2183.189  13.245 515   2.065 pinhole
6150 1663.578 2203.185  13.479 515   2.412 pinhole
6150 1650.980 2204.240  13.375 771   2.288 pinhole
6150 1657.299 2203.716  13.294 1027   2.040 pinhole
6150 1655.829 2209.967  13.216 259   2.561 pinhole
9075 3631.228 2227.343  13.462 515   2.167 pinhole
9075 3625.875 2230.923  13.167 1027   2.108 pinhole
9075 3620.506 2234.467  13.368 771   2.267 pinhole
9075 3627.871 2237.080  13.138 259   2.607 pinhole
7517 5453.196 2307.366  13.110 771   2.431 pinhole
7517 5449.528 2313.491  13.123 259   2.408 pinhole
7517 5455.235 2313.284  12.851 1027   2.225 pinhole
7517 5457.322 2319.204  13.079 515   2.371 pinhole
6321 1073.930 2349.886  13.292 771   2.290 pinhole
6321 1077.313 2355.033  13.137 1027   2.180 pinhole
6321 1071.468 2357.160  13.216 259   2.380 pinhole
6321 1080.721 2360.219  13.508 515   2.156 pinhole
7321 4926.484 2470.614  13.703 515   2.164 pinhole
7321 4923.996 2476.386  13.024 1027   2.465 pinhole
7321 4928.589 2480.600  13.476 259   2.524 pinhole
7321 4921.535 2482.088  13.675 771   2.223 pinhole
6534 450.457 2588.410  13.392 259   2.133 pinhole
6534 456.477 2591.946  13.173 771   2.397 pinhole
6534 451.192 2594.613  13.117 1027   2.073 pinhole
6534 445.871 2597.308  13.397 515   2.091 pinhole
4011 2881.555 2633.160  13.092 515   2.194 pinhole
4011 2891.984 2634.188  12.966 259   2.415 pinhole
4011 2886.369 2637.591  13.016 1027   2.038 pinhole
4011 2891.170 2641.991  13.022 771   2.229 pinhole
7482 5520.546 2646.961  13.553 771   2.384 pinhole
7482 5515.963 2652.371  13.475 259   2.735 pinhole
7482 5521.542 2653.090  13.199 1027   2.866 pinhole
9011 3137.574 2653.878  13.143 515   2.042 pinhole
9011 3147.821 2656.228  12.878 259   2.294 pinhole
9011 3141.816 2658.872  12.908 1027   1.968 pinhole
7482 5522.687 2659.317  13.573 515   2.633 pinhole
9011 3146.081 2663.865  12.684 771   2.372 pinhole
6075 2014.431 2672.808  13.390 259   2.104 pinhole
6075 2005.272 2677.638  13.289 515   2.244 pinhole
6075 2011.607 2678.682  12.925 1027   2.285 pinhole
6075 2017.940 2679.715  13.011 771   2.524 pinhole
6542 411.800 2760.259  13.314 259   2.653 pinhole
7075 3983.817 2760.504  13.181 259   2.420 pinhole
7075 3973.522 2760.543  13.214 515   2.166 pinhole
5011 2664.978 2764.025  13.252 259   2.494 pinhole
7075 3978.694 2764.451  13.048 1027   2.059 pinhole
6542 416.911 2765.115  13.104 771   2.557 pinhole
6542 411.296 2766.482  13.324 1027   2.170 pinhole
5011 2672.483 2766.222  13.245 771   2.323 pinhole
6542 405.709 2767.867  13.151 515   2.414 pinhole
7075 3983.849 2768.309  13.209 771   2.242 pinhole
5011 2667.201 2770.108  13.030 1027   2.220 pinhole
6496 589.810 2771.137  13.505 515   2.239 pinhole
6496 599.186 2770.769  13.610 259   2.023 pinhole
5011 2661.938 2773.999  13.264 515   2.315 pinhole
6496 594.564 2774.720  13.743 1027   1.715 pinhole
6496 599.298 2778.331  13.566 771   2.118 pinhole
7011 3332.287 2820.426  12.965 515   2.101 pinhole
7011 3342.219 2823.878  12.856 259   2.126 pinhole
7011 3335.950 2825.860  12.648 1027   2.026 pinhole
7011 3339.619 2831.347  12.968 771   2.051 pinhole
7439 5553.325 2930.589  13.940 515   2.436 pinhole
7150 4541.516 2933.187  13.267 771   2.680 pinhole
7439 5561.471 2935.218  13.241 259   2.865 pinhole
7439 5555.869 2936.233  13.616 1027   2.639 pinhole
7150 4536.786 2939.153  13.367 259   2.399 pinhole
7150 4543.007 2939.423  12.910 1027   2.586 pinhole
7439 5558.348 2941.853  13.310 771   3.016 pinhole
7150 4544.494 2945.658  13.234 515   2.736 pinhole
6011 2564.660 3001.841  13.377 515   2.066 pinhole
6011 2574.778 3004.592  13.241 259   2.298 pinhole
6011 2568.719 3007.006  13.186 1027   2.170 pinhole
6239 1285.587 3009.530  13.266 515   1.985 pinhole
6541 690.433 3011.759  13.325 771   2.064 pinhole
6011 2572.745 3012.193  13.300 771   2.356 pinhole
6541 683.501 3013.470  14.051 259   1.784 pinhole
6239 1294.482 3014.065  12.974 259   2.335 pinhole
6239 1288.403 3015.258  12.869 1027   2.048 pinhole
6541 688.003 3017.562  13.196 1027   2.157 pinhole
6239 1291.229 3020.960  12.845 771   2.435 pinhole
6541 685.613 3023.332  13.644 515   2.034 pinhole
2541 5266.713 3061.335  13.413 771   3.054 pinhole
2541 5271.722 3064.258  13.556 1027   2.139 pinhole
2239 4665.252 3066.250  13.477 771   2.744 pinhole
2239 4671.421 3066.352  13.632 1027   2.302 pinhole
2239 4677.602 3066.454  13.822 515   2.482 pinhole
2541 5276.814 3067.192  13.233 515   3.166 pinhole
2541 5267.592 3068.710  13.315 259   2.629 pinhole
2011 3387.779 3072.832  13.107 771   2.276 pinhole
2239 4669.586 3072.485  13.627 259   2.682 pinhole
2011 3393.899 3074.929  12.955 1027   2.060 pinhole
2011 3400.044 3077.030  12.977 515   2.490 pinhole
2011 3390.150 3080.259  13.195 259   2.301 pinhole
3150 1420.432 3135.909  13.353 259   2.141 pinhole
3439 406.853 3138.786  13.341 515   2.334 pinhole
3150 1412.296 3141.901  13.117 515   2.297 pinhole
3150 1418.585 3142.039  13.173 1027   2.341 pinhole
3150 1424.815 3142.211  13.036 771   2.462 pinhole
3439 405.329 3144.819  13.079 1027   2.104 pinhole
3439 410.222 3148.143  13.118 259   2.462 pinhole
3439 403.818 3150.832  13.072 771   2.542 pinhole
3011 2621.042 3252.313  13.073 771   2.292 pinhole
3011 2627.383 3253.925  13.153 1027   2.008 pinhole
3011 2633.751 3255.519  13.093 515   2.324 pinhole
3011 2624.074 3259.570  13.174 259   2.302 pinhole
2496 5369.887 3302.523  13.533 515   2.750 pinhole
2496 5365.235 3306.400  13.655 1027   2.168 pinhole
11011 3290.029 3308.378  12.986 259   2.143 pinhole
11011 3297.828 3307.720  12.916 771   2.415 pinhole
2496 5360.594 3310.253  13.433 771   2.721 pinhole
3075 1987.828 3311.737  13.231 259   2.406 pinhole
2496 5367.237 3312.234  13.405 259   2.784 pinhole
11011 3294.355 3313.259  13.016 1027   1.945 pinhole
3075 1977.753 3313.669  13.094 515   2.342 pinhole
2542 5547.824 3315.262  13.409 1027   2.628 pinhole
2542 5553.416 3314.560  13.486 515   2.923 pinhole
2542 5542.204 3315.970  13.544 771   3.182 pinhole
3075 1983.561 3316.533  12.984 1027   2.129 pinhole
3075 1989.355 3319.348  13.455 771   2.057 pinhole
11011 3290.884 3318.835  12.794 515   2.319 pinhole
2542 5546.714 3321.406  13.607 259   2.708 pinhole
2075 3952.809 3397.313  13.225 259   2.725 pinhole
2075 3943.556 3401.953  13.237 515   2.539 pinhole
2075 3949.885 3403.112  12.961 1027   2.552 pinhole
2075 3956.179 3404.268  13.290 771   2.508 pinhole
8011 2817.843 3417.406  12.888 771   2.402 pinhole
8011 2820.353 3423.441  12.882 1027   1.925 pinhole
3482 434.913 3424.356  13.437 515   2.137 pinhole
8011 2813.819 3424.180  12.963 259   2.257 pinhole
3482 444.099 3424.953  13.184 259   2.592 pinhole
3482 439.448 3428.387  13.193 1027   1.918 pinhole
8011 2822.879 3429.448  12.819 515   2.460 pinhole
3482 443.950 3432.430  13.417 771   2.158 pinhole
10011 3073.116 3438.821  13.281 515   2.402 pinhole
10011 3082.925 3442.311  13.214 259   2.575 pinhole
10011 3076.689 3444.227  13.236 1027   2.033 pinhole
10011 3080.241 3449.635  13.121 771   2.502 pinhole
2534 5505.337 3481.367  13.398 515   2.802 pinhole
2534 5514.145 3483.825  13.437 259   2.994 pinhole
2534 5508.839 3486.212  13.747 1027   2.023 pinhole
2534 5512.194 3490.954  13.352 771   3.305 pinhole
3321 1038.038 3598.322  13.104 259   2.404 pinhole
3321 1044.052 3602.780  13.194 771   2.348 pinhole
3321 1038.299 3604.671  12.866 1027   2.298 pinhole
3321 1032.571 3606.597  13.254 515   2.153 pinhole
2321 4882.111 3719.351  13.504 771   2.785 pinhole
2321 4877.050 3724.967  13.583 259   2.746 pinhole
2321 4883.010 3725.536  13.273 1027   2.653 pinhole
2321 4883.967 3731.730  13.464 515   2.957 pinhole
3517 502.243 3764.800  12.993 771   2.385 pinhole
3517 507.296 3768.082  13.027 1027   1.817 pinhole
3517 512.377 3771.363  13.140 515   2.095 pinhole
3517 503.209 3772.240  12.821 259   2.292 pinhole
8075 2333.642 3844.356  13.343 515   2.203 pinhole
8075 2343.220 3848.474  13.301 259   2.224 pinhole
8075 2336.949 3849.954  12.945 1027   2.209 pinhole
8075 2340.278 3855.544  13.155 771   2.501 pinhole
2150 4308.161 3871.633  13.221 515   2.394 pinhole
2150 4302.886 3875.235  12.710 1027   2.160 pinhole
2150 4297.544 3878.826  12.997 771   2.601 pinhole
2150 4304.618 3881.311  13.067 259   2.438 pinhole
11075 3556.848 3898.365  13.269 259   2.670 pinhole
11075 3546.618 3899.945  13.443 515   2.372 pinhole
2517 5409.387 3900.263  13.421 259   3.134 pinhole
11075 3552.261 3902.989  13.099 1027   2.302 pinhole
2517 5414.911 3904.214  13.324 771   3.126 pinhole
11075 3557.861 3905.976  13.037 771   2.843 pinhole
2517 5409.497 3906.402  13.487 1027   2.104 pinhole
2517 5404.053 3908.559  13.536 515   2.967 pinhole
3239 1594.533 4008.422  13.357 771   2.339 pinhole
3239 1596.561 4014.496  13.196 1027   2.186 pinhole
3239 1590.288 4014.542  13.416 259   2.288 pinhole
3239 1598.587 4020.600  13.490 515   2.319 pinhole
8150 1775.755 4033.734  13.084 515   2.504 pinhole
8150 1776.397 4040.041  12.840 1027   2.286 pinhole
8150 1782.601 4041.380  13.220 259   2.300 pinhole
8150 1777.060 4046.394  12.967 771   2.455 pinhole
11239 4337.529 4049.993  12.928 771   2.569 pinhole
11239 4330.403 4052.641  12.861 259   2.637 pinhole
11239 4335.488 4056.014  12.782 1027   2.514 pinhole
11239 4333.498 4062.078  13.101 515   2.398 pinhole
10075 2934.545 4067.948  13.396 259   2.186 pinhole
10075 2941.748 4070.824  13.211 771   2.540 pinhole
10075 2936.184 4074.167  13.120 1027   2.128 pinhole
10075 2930.643 4077.530  13.417 515   2.177 pinhole
3534 668.369 4163.564  13.556 771   2.292 pinhole
3534 673.895 4165.957  13.436 1027   2.166 pinhole
3534 679.490 4168.313  13.315 515   2.460 pinhole
3534 670.585 4170.721  13.335 259   2.424 pinhole
2482 5262.502 4212.601  13.868 259   2.120 pinhole
2482 5268.232 4216.404  13.462 771   2.623 pinhole
2482 5262.665 4218.701  13.210 1027   2.605 pinhole
2482 5257.107 4221.021  13.588 515   2.800 pinhole
3496 898.706 4222.921  13.629 515   2.400 pinhole
3496 895.247 4227.681  13.141 1027   2.256 pinhole
3496 891.778 4232.437  13.266 771   2.609 pinhole
3496 898.901 4232.781  13.192 259   2.787 pinhole
3542 745.970 4324.111  13.332 259   3.056 pinhole
3542 737.582 4327.608  13.496 515   2.306 pinhole
3542 743.359 4329.242  13.395 1027   2.075 pinhole
3542 749.062 4330.868  13.315 771   2.683 pinhole
3541 1111.000 4366.000  13.315 259   0.000 pinhole
3541 1113.000 4369.000  13.315 1027   0.000 pinhole
3541 1119.390 4368.701  13.459 515   2.299 pinhole
3541 1107.000 4370.000  13.459 771   0.000 pinhole
11541 4817.537 4403.349  13.189 515   3.004 pinhole
11541 4827.189 4403.083  13.312 259   2.759 pinhole
11541 4822.189 4406.911  13.351 1027   2.239 pinhole
11541 4826.659 4410.316  13.221 771   3.444 pinhole
2439 5127.818 4464.049  12.928 515   2.758 pinhole
2439 5123.255 4468.334  12.847 1027   2.395 pinhole
2439 5118.691 4472.582  12.970 771   2.774 pinhole
2439 5125.516 4473.665  12.886 259   2.863 pinhole
11150 3554.869 4490.856  13.682 771   2.390 pinhole
11150 3560.158 4494.283  13.399 1027   2.294 pinhole
11150 3555.190 4498.352  13.368 259   2.662 pinhole
11150 3565.470 4497.693  13.355 515   2.645 pinhole
10150 2600.622 4553.850  13.459 515   2.473 pinhole
10150 2595.114 4557.026  13.053 1027   2.674 pinhole
10150 2589.602 4560.186  13.398 771   2.328 pinhole
10150 2596.763 4563.058  13.122 259   2.792 pinhole
8439 956.583 4631.601  13.731 259   2.049 pinhole
8321 1742.000 4633.000  13.731 259   0.000 pinhole
8439 962.843 4635.546  13.307 771   2.578 pinhole
8439 957.507 4637.630  12.984 1027   2.431 pinhole
8239 2438.187 4638.401  13.291 515   2.324 pinhole
8321 1733.806 4638.556  13.652 515   2.327 pinhole
8321 1740.083 4638.791  13.124 1027   2.751 pinhole
8321 1745.407 4638.184  12.551 771   5.187 pinhole
8439 952.131 4639.752  13.189 515   2.501 pinhole
8239 2433.021 4642.020  13.090 1027   2.375 pinhole
8239 2427.873 4645.600  13.252 771   2.301 pinhole
8239 2435.235 4647.867  13.033 259   2.727 pinhole
11496 4756.384 4650.774  13.401 515   3.073 pinhole
10239 3483.389 4652.818  13.560 771   2.310 pinhole
10239 3475.759 4653.559  13.380 259   2.275 pinhole
11496 4754.281 4656.587  13.431 1027   2.502 pinhole
10239 3479.829 4658.003  12.303 1027   3.528 pinhole
11496 4758.750 4659.629  13.149 259   4.048 pinhole
11496 4752.105 4662.432  13.331 771   2.907 pinhole
10239 3476.485 4663.441  13.254 515   2.392 pinhole
11321 4120.586 4707.149  13.569 515   2.825 pinhole
11321 4117.239 4712.537  13.381 1027   2.802 pinhole
11321 4121.121 4716.747  13.488 259   3.402 pinhole
11321 4113.818 4717.825  13.707 771   2.906 pinhole
11542 4893.088 4765.503  13.003 259   3.717 pinhole
11542 4899.926 4765.745  13.023 771   3.148 pinhole
11542 4895.701 4770.289  13.481 1027   2.101 pinhole
11542 4891.480 4774.861  13.204 515   2.924 pinhole
8482 1156.525 4844.057  13.492 515   2.722 pinhole
8482 1152.138 4847.685  13.750 1027   1.967 pinhole
8482 1147.696 4851.338  13.467 771   2.234 pinhole
8482 1154.761 4853.284  13.466 259   2.720 pinhole
11534 4762.693 4880.268  13.413 515   3.092 pinhole
11534 4763.395 4886.054  13.333 1027   2.680 pinhole
11534 4769.278 4886.485  13.527 259   2.607 pinhole
11534 4764.038 4891.820  13.299 771   3.099 pinhole
10321 2922.211 5057.328  13.275 259   3.019 pinhole
10321 2912.162 5058.704  13.424 515   2.705 pinhole
10321 2917.776 5061.568  13.103 1027   2.519 pinhole
10321 2923.369 5064.402  13.593 771   2.652 pinhole
8517 1410.782 5077.510  13.274 515   2.823 pinhole
8517 1407.060 5081.762  13.261 1027   2.189 pinhole
8517 1403.000 5086.000  13.261 771   0.000 pinhole
8517 1410.537 5086.880  13.092 259   2.591 pinhole
11517 4437.938 5160.707  13.620 515   2.474 pinhole
11517 4437.741 5166.583  13.505 1027   2.271 pinhole
11517 4443.490 5167.961  13.356 259   2.660 pinhole
11517 4437.502 5172.482  13.503 771   2.428 pinhole
8541 2248.064 5207.462  13.090 515   2.673 pinhole
8541 2250.351 5213.069  13.019 1027   2.600 pinhole
8541 2256.621 5212.780  13.288 259   2.336 pinhole
8541 2252.635 5218.692  13.308 771   2.593 pinhole
8496 1988.828 5220.523  13.188 259   2.683 pinhole
10541 3672.289 5222.640  13.558 515   2.816 pinhole
8496 1995.736 5223.601  13.265 771   2.650 pinhole
8496 1990.389 5226.310  13.206 1027   2.245 pinhole
10541 3667.224 5226.350  12.939 1027   3.091 pinhole
8496 1985.022 5229.045  13.384 515   2.455 pinhole
10541 3662.091 5229.881  13.529 771   3.139 pinhole
10541 3669.120 5231.615  13.237 259   3.310 pinhole
8534 1774.800 5300.993  13.177 771   2.830 pinhole
8534 1768.330 5303.817  13.363 259   2.557 pinhole
8534 1773.906 5306.654  13.110 1027   2.492 pinhole
8534 1772.995 5312.388  13.242 515   2.697 pinhole
11482 4132.240 5330.430  13.287 515   3.477 pinhole
11482 4140.744 5334.145  13.371 259   2.922 pinhole
11482 4134.686 5335.375  13.580 1027   2.270 pinhole
11482 4136.953 5340.015  12.854 771   4.390 pinhole
10496 3460.435 5386.497  13.442 515   2.773 pinhole
10496 3470.168 5388.222  13.393 259   2.596 pinhole
10496 3464.461 5390.787  13.548 1027   2.211 pinhole
8542 1927.657 5392.246  12.705 771   2.425 pinhole
10496 3468.458 5394.945  13.217 771   3.150 pinhole
8542 1921.432 5395.702  12.611 259   2.277 pinhole
8542 1927.267 5398.019  12.857 1027   2.248 pinhole
8542 1926.908 5403.788  12.638 515   2.624 pinhole
11439 3875.732 5449.952  13.462 771   3.234 pinhole
11439 3869.513 5453.895  13.870 259   2.568 pinhole
11439 3875.256 5455.605  13.757 1027   2.277 pinhole
11439 3874.776 5461.326  13.542 515   3.128 pinhole
10439 2291.097 5519.413  13.454 515   2.408 pinhole
10439 2285.247 5521.251  13.262 1027   2.530 pinhole
10439 2279.408 5522.999  13.491 771   2.572 pinhole
10439 2285.707 5526.913  13.387 259   2.622 pinhole
10542 3515.350 5559.146  13.382 259   3.466 pinhole
10542 3521.290 5562.765  13.495 771   2.845 pinhole
10542 3515.335 5564.570  13.164 1027   2.657 pinhole
10542 3509.341 5566.450  13.351 515   2.581 pinhole
10482 2568.389 5571.870  13.156 259   3.131 pinhole
10482 2559.194 5575.044  13.085 515   2.881 pinhole
10482 2565.274 5576.593  13.316 1027   2.311 pinhole
10482 2571.344 5578.093  13.209 771   2.695 pinhole
10534 3343.907 5579.434  13.230 515   2.857 pinhole
10534 3338.217 5581.911  13.318 1027   2.191 pinhole
10534 3332.462 5584.381  13.221 771   2.737 pinhole
10534 3339.003 5587.346  13.128 259   3.291 pinhole
10517 2907.815 5611.560  13.271 515   2.851 pinhole
10517 2908.905 5617.157  13.155 1027   2.721 pinhole
10517 2915.092 5617.867  13.658 259   2.507 pinhole
10517 2909.920 5622.694  13.368 771   3.096 pinhole
4517 3054.928 461.517  13.611 9   1.956 fiducial
4533 2688.628 483.395  13.250 9   2.078 fiducial
4534 2624.258 495.306  13.410 9   2.247 fiducial
4482 3395.981 503.480  13.406 9   2.234 fiducial
4542 2447.054 511.770  13.097 137   2.273 fiducial
4439 3678.578 558.011  13.274 9   2.313 fiducial
5439 2085.447 623.062  13.537 9   2.039 fiducial
9542 4038.576 682.942  13.337 137   2.394 fiducial
4496 2497.848 688.817  13.032 9   2.194 fiducial
5482 1823.772 742.521  13.368 9   2.287 fiducial
9534 4186.145 774.580  13.298 9   2.134 fiducial
9496 3970.379 854.556  13.636 9   2.183 fiducial
4541 2295.426 855.235  13.019 137   2.185 fiducial
9541 3711.065 867.065  13.476 137   2.215 fiducial
5517 1521.929 913.468  13.250 9   2.323 fiducial
9517 4553.211 997.680  13.130 9   2.354 fiducial
4321 3045.797 1020.004  13.168 9   2.154 fiducial
5534 1239.505 1144.815  13.081 9   2.099 fiducial
5533 1196.060 1190.450  13.631 9   2.122 fiducial
9482 4808.779 1232.022  13.037 9   2.030 fiducial
5542 1064.932 1308.599  13.056 137   2.144 fiducial
5321 1841.490 1367.214  13.252 9   2.175 fiducial
5496 1205.906 1421.404  13.247 9   2.113 fiducial
4239 2481.982 1420.996  13.035 9   2.211 fiducial
9239 3528.966 1440.644  13.056 9   2.214 fiducial
9439 5004.889 1442.864  13.345 9   2.446 fiducial
9321 4223.211 1443.903  13.361 9   2.374 fiducial
4150 3367.001 1525.990  12.958 9   2.225 fiducial
5150 2400.676 1584.809  13.112 9   2.127 fiducial
6439 834.239 1612.844  13.440 9   2.142 fiducial
5541 1136.793 1675.018  13.071 137   2.007 fiducial
7541 4849.566 1712.061  13.518 137   2.368 fiducial
7542 5221.089 1753.945  13.592 137   2.448 fiducial
7496 5068.211 1853.744  13.459 9   2.586 fiducial
6482 697.100 1860.109  13.225 9   2.351 fiducial
7534 5289.173 1917.163  13.037 9   2.431 fiducial
4075 3026.658 2008.410  12.786 9   1.938 fiducial
5239 1626.565 2025.973  12.916 9   2.105 fiducial
9150 4184.206 2041.368  13.089 9   2.255 fiducial
7239 4364.335 2066.100  13.264 9   2.445 fiducial
6517 549.577 2175.420  13.236 9   2.109 fiducial
5075 2408.382 2176.248  13.130 9   2.194 fiducial
6150 1656.921 2205.278  13.341 9   2.325 fiducial
9075 3626.370 2232.453  13.284 9   2.287 fiducial
7517 5453.822 2313.339  13.041 9   2.359 fiducial
6321 1075.858 2355.577  13.288 9   2.252 fiducial
7321 4925.149 2477.420  13.470 9   2.344 fiducial
6534 451.001 2593.070  13.270 9   2.174 fiducial
4011 2887.769 2636.732  13.024 9   2.219 fiducial
7482 5520.183 2652.938  13.450 9   2.655 fiducial
9011 3143.323 2658.211  12.903 9   2.169 fiducial
6075 2012.312 2677.211  13.154 9   2.289 fiducial
6542 411.428 2764.930  13.223 137   2.449 fiducial
7075 3979.974 2763.455  13.163 9   2.222 fiducial
5011 2666.651 2768.590  13.198 9   2.338 fiducial
6496 595.716 2773.740  13.606 9   2.024 fiducial
7011 3337.517 2825.379  12.859 9   2.076 fiducial
7439 5557.249 2935.972  13.527 9   2.739 fiducial
7150 4541.449 2939.357  13.194 9   2.600 fiducial
6011 2570.226 3006.408  13.276 9   2.223 fiducial
6239 1289.924 3014.952  12.989 9   2.201 fiducial
6541 686.888 3016.531  13.554 137   2.010 fiducial
2541 5270.711 3065.378  13.379 137   2.747 fiducial
2239 4670.963 3067.888  13.639 9   2.552 fiducial
2011 3392.970 3076.263  13.058 9   2.282 fiducial
3150 1419.032 3140.515  13.170 9   2.310 fiducial
3439 406.555 3145.645  13.152 9   2.361 fiducial
3011 2626.562 3255.332  13.123 9   2.231 fiducial
2496 5365.738 3307.850  13.506 9   2.606 fiducial
11011 3293.274 3312.048  12.928 9   2.205 fiducial
3075 1984.626 3315.322  13.191 9   2.233 fiducial
2542 5547.541 3316.797  13.511 137   2.860 fiducial
2075 3950.606 3401.661  13.178 9   2.581 fiducial
8011 2818.725 3423.618  12.888 9   2.261 fiducial
3482 440.602 3427.533  13.308 9   2.201 fiducial
10011 3078.243 3443.748  13.213 9   2.378 fiducial
2534 5510.128 3485.593  13.483 9   2.781 fiducial
3321 1038.240 3603.092  13.104 9   2.301 fiducial
2321 4881.532 3725.394  13.456 9   2.785 fiducial
3517 506.280 3769.121  12.995 9   2.147 fiducial
8075 2336.912 3849.907  13.186 9   2.284 fiducial
2150 4303.300 3876.752  12.999 9   2.398 fiducial
11075 3553.398 3901.820  13.212 9   2.547 fiducial
2517 5409.464 3904.859  13.442 9   2.833 fiducial
3239 1594.992 4014.517  13.365 9   2.283 fiducial
8150 1777.953 4040.387  13.028 9   2.386 fiducial
11239 4334.230 4055.182  12.918 9   2.530 fiducial
10075 2935.778 4072.617  13.286 9   2.258 fiducial
3534 673.085 4167.140  13.410 9   2.336 fiducial
2482 5262.624 4217.182  13.532 9   2.537 fiducial
3496 896.161 4228.954  13.307 9   2.513 fiducial
3542 743.992 4327.957  13.384 137   2.530 fiducial
3541 1112.597 4368.424  13.387 137   0.575 fiducial
11541 4823.391 4405.914  13.268 137   2.862 fiducial
2439 5123.819 4469.659  12.908 9   2.697 fiducial
11150 3558.922 4495.298  13.451 9   2.498 fiducial
10150 2595.525 4558.530  13.258 9   2.567 fiducial
8439 957.265 4636.131  13.303 9   2.390 fiducial
8321 1740.321 4637.133  13.264 9   2.566 fiducial
8239 2433.051 4641.997  13.166 9   2.432 fiducial
11496 4755.380 4657.355  13.328 9   3.133 fiducial
10239 3478.865 4656.955  13.124 9   2.626 fiducial
11321 4118.191 4713.566  13.536 9   2.984 fiducial
11542 4895.717 4770.322  13.178 137   2.973 fiducial
8482 1152.781 4849.092  13.544 9   2.411 fiducial
11534 4764.852 4886.156  13.393 9   2.869 fiducial
10321 2918.881 5060.501  13.349 9   2.724 fiducial
8517 1407.844 5083.037  13.222 9   1.901 fiducial
11517 4439.169 5166.933  13.496 9   2.458 fiducial
8541 2251.916 5213.001  13.176 137   2.550 fiducial
8496 1989.994 5224.870  13.261 9   2.508 fiducial
10541 3667.681 5227.622  13.316 137   3.089 fiducial
8534 1772.508 5305.963  13.223 9   2.644 fiducial
11482 4136.154 5334.992  13.273 9   3.265 fiducial
10496 3465.882 5390.112  13.400 9   2.683 fiducial
8542 1925.816 5397.439  12.703 137   2.393 fiducial
11439 3873.818 5455.195  13.658 9   2.802 fiducial
10439 2285.366 5522.644  13.399 9   2.533 fiducial
10542 3515.329 5563.233  13.348 137   2.887 fiducial
10482 2566.050 5575.401  13.192 9   2.754 fiducial
10534 3338.397 5583.268  13.224 9   2.769 fiducial
10517 2910.432 5617.318  13.363 9   2.794 fiducial
