# Echo 22 focal plane parameters from Figure 7 of DESI-0329v3.							
# The plate scale varies with radius, and is different in the							
# meridional (radial) direction vs. the							
# sagittal (tangential/azimuthal) direction.  The table below						
# contains the F/#, Focal Length, and Plate Scale vs. radius for							
# both the meridional and sagittal orientations at that radius.							
							
# Columns:							
# - Radius : radius from center of focal plane [mm]							
# - Theta radial angle that has a centroid at this radius [deg]							
# - MF/# : Meridional F/#							
# - SF/# : Sagittal F/#							
# - MFL  : Meridional focal length [m]							
# - SFL  : Sagittal focal length [m]							
# - MPS  : Meridional plate scale [um/arcsec]							
# - SPS  : Sagittal plate scale [um/arcsec]							
# Radius	Theta	MF/#	SF/#	MFL	SFL	MPS	SPS
0	0	3.678707383	3.678707457	13.92433205	13.92433205	67.50706676	67.50706676
1	0.004114797	3.678711788	3.678708901	13.92436237	13.92435007	67.50721377	67.50715416
2	0.008229587	3.678720064	3.678711613	13.92439741	13.92436934	67.50738368	67.50724758
3	0.012344363	3.678735414	3.678716643	13.92444191	13.92439109	67.50759941	67.50735303
4	0.016459119	3.678757789	3.678723975	13.92450059	13.92441657	67.50788388	67.50747655
5	0.020573847	3.678786298	3.678733317	13.92457817	13.92444701	67.50825998	67.50762415
6	0.024688541	3.678820901	3.678744656	13.92467937	13.92448367	67.50875064	67.50780184
7	0.028803193	3.678861846	3.678758073	13.92480893	13.92452777	67.50937876	67.50801565
8	0.032917798	3.678909157	3.678773577	13.92497157	13.92458056	67.51016726	67.5082716
9	0.037032347	3.678962768	3.678791144	13.92517082	13.92464304	67.51113325	67.50857451
10	0.041146835	3.679022666	3.678810771	13.92540515	13.92471514	67.51226932	67.50892405
11	0.045261253	3.679088871	3.678832465	13.92567169	13.92479651	67.51356154	67.50931856
12	0.049375595	3.679161386	3.678856226	13.92596756	13.92488682	67.51499596	67.50975637
13	0.053489855	3.679240206	3.678882052	13.92628989	13.92498571	67.51655864	67.5102358
14	0.057604023	3.67932533	3.678909943	13.92663579	13.92509284	67.51823565	67.51075519
15	0.061718095	3.67941676	3.678939899	13.92700241	13.92520787	67.52001305	67.51131285
16	0.065832062	3.679514496	3.678971921	13.92738685	13.92533044	67.52187689	67.51190713
17	0.069945918	3.679618536	3.679006008	13.92778692	13.92546029	67.52381645	67.51253666
18	0.074059655	3.679728881	3.679042159	13.92820338	13.92559743	67.52583554	67.51320153
19	0.078173268	3.679845531	3.679080375	13.92863788	13.92574196	67.52794204	67.51390222
20	0.082286748	3.679968487	3.679120655	13.92909204	13.92589398	67.53014385	67.51463923
21	0.086400089	3.680097747	3.679162999	13.92956749	13.92605359	67.53244889	67.51541304
22	0.090513284	3.680233312	3.679207407	13.93006585	13.92622089	67.53486504	67.51622414
23	0.094626326	3.680375182	3.679253879	13.93058877	13.92639598	67.5374002	67.51707301
24	0.098739208	3.680523356	3.679302414	13.93113786	13.92657897	67.54006228	67.51796015
25	0.102851924	3.680677835	3.679353012	13.93171443	13.92676993	67.54285756	67.51888596
26	0.106964466	3.680838618	3.679405673	13.93231816	13.92696887	67.54578453	67.51985045
27	0.111076827	3.681005706	3.679460397	13.93294825	13.92717576	67.54883932	67.5208535
28	0.115189	3.681179098	3.679517183	13.93360392	13.92739059	67.55201805	67.52189498
29	0.119300979	3.681358794	3.679576031	13.93428434	13.92761331	67.55531686	67.52297479
30	0.123412755	3.681544793	3.67963694	13.93498874	13.92784392	67.55873187	67.5240928
31	0.127524323	3.681737097	3.679699911	13.9357163	13.92808238	67.5622592	67.5252489
32	0.131635675	3.681935704	3.679764942	13.93646624	13.92832868	67.565895	67.52644298
33	0.135746803	3.682140616	3.679832034	13.93723789	13.92858278	67.56963605	67.52767491
34	0.139857702	3.68235183	3.679901186	13.93803131	13.92884468	67.57348269	67.52894463
35	0.143968365	3.682569348	3.679972399	13.93884682	13.92911436	67.57743639	67.53025205
36	0.148078785	3.68279317	3.680045671	13.93968472	13.9293918	67.58149863	67.53159713
37	0.152188955	3.683023294	3.680121002	13.94054531	13.92967699	67.58567088	67.53297977
38	0.15629887	3.683259721	3.680198392	13.94142889	13.92996992	67.58995461	67.53439993
39	0.160408522	3.683502451	3.680277839	13.94233577	13.93027057	67.5943513	67.53585752
40	0.164517905	3.683751483	3.680359344	13.94326626	13.93057892	67.59886242	67.53735248
41	0.168627012	3.684006818	3.680442907	13.94422061	13.93089498	67.60348925	67.53888477
42	0.172735836	3.684268455	3.680528527	13.94519885	13.93121876	67.60823187	67.5404545
43	0.176844371	3.684536394	3.680616204	13.9462009	13.9315503	67.61308997	67.54206182
44	0.180952607	3.684810636	3.680705936	13.94722671	13.93188962	67.61806322	67.54370691
45	0.185060539	3.685091178	3.680797724	13.9482762	13.93223677	67.62315131	67.54538992
46	0.189168159	3.685378022	3.680891567	13.94934931	13.93259177	67.6283539	67.54711102
47	0.19327546	3.685671168	3.680987465	13.95044598	13.93295466	67.63367068	67.54887036
48	0.197382434	3.685970614	3.681085416	13.95156613	13.93332547	67.63910133	67.55066812
49	0.201489074	3.686276362	3.681185421	13.95270971	13.93370423	67.64464555	67.55250439
50	0.205595374	3.68658841	3.681287479	13.95387669	13.93409088	67.65030325	67.55437891
51	0.209701327	3.686906758	3.68139159	13.95506708	13.93448533	67.65607442	67.55629128
52	0.213806926	3.687231407	3.681497752	13.95628087	13.9348875	67.66195902	67.55824107
53	0.217912167	3.687562356	3.681605967	13.95751805	13.93529731	67.66795704	67.56022788
54	0.222017041	3.687899605	3.681716232	13.95877862	13.93571467	67.67406846	67.56225129
55	0.226121543	3.688243152	3.681828546	13.96006258	13.9361395	67.68029327	67.56431091
56	0.230225667	3.688592999	3.68194291	13.96136992	13.93657171	67.68663143	67.56640632
57	0.234329405	3.688949145	3.682059324	13.96270064	13.93701124	67.69308295	67.56853725
58	0.238432752	3.68931159	3.682177785	13.96405474	13.93745827	67.69964783	67.57070447
59	0.242535699	3.689680333	3.682298295	13.96543224	13.93791302	67.70632613	67.57290919
60	0.24663824	3.690055374	3.682420852	13.96683314	13.93837576	67.71311786	67.57515261
61	0.250740368	3.690436713	3.682545456	13.96825744	13.93884674	67.72002308	67.57743597
62	0.254842074	3.69082435	3.682672105	13.96970516	13.9393262	67.72704182	67.57976046
63	0.258943353	3.691218284	3.682800799	13.9711763	13.93981439	67.73417411	67.58212729
64	0.263044196	3.691618515	3.682931538	13.97267087	13.94031157	67.74141999	67.5845377
65	0.267144597	3.692025042	3.683064321	13.97418888	13.9408179	67.7487795	67.58699245
66	0.271244549	3.692437866	3.683199147	13.97573031	13.94133283	67.75625256	67.5894889
67	0.275344046	3.692856985	3.683336016	13.97729514	13.94185546	67.7638391	67.59202265
68	0.279443081	3.693282401	3.683474927	13.97888336	13.94238487	67.77153901	67.59458934
69	0.283541649	3.693714111	3.683615878	13.98049495	13.94292018	67.77935219	67.59718458
70	0.287639743	3.694152117	3.68375887	13.98212987	13.94346047	67.78727854	67.59980399
71	0.291737356	3.694596416	3.683903902	13.98378813	13.94400485	67.79531797	67.60244319
72	0.295834483	3.69504701	3.684050973	13.98546968	13.9445524	67.80347039	67.60509779
73	0.299931118	3.695503899	3.684200082	13.98717453	13.94510238	67.8117357	67.60776421
74	0.304027252	3.69596708	3.684351228	13.98890266	13.94565568	67.82011393	67.61044667
75	0.308122879	3.696436555	3.684504411	13.9906541	13.94621408	67.82860518	67.61315384
76	0.312217992	3.696912322	3.684659631	13.99242888	13.94677936	67.83720952	67.61589439
77	0.316312583	3.697394381	3.684816885	13.994227	13.94735332	67.84592705	67.61867704
78	0.320406644	3.697882732	3.684976174	13.99604848	13.94793776	67.85475786	67.62151047
79	0.324500168	3.698377375	3.685137496	13.99789335	13.94853446	67.86370204	67.62440339
80	0.328593147	3.698878308	3.685300851	13.99976162	13.94914523	67.87275968	67.62736449
81	0.332685575	3.699385532	3.685466237	14.00165331	13.9497717	67.88193085	67.63040168
82	0.336777445	3.699899046	3.685633655	14.00356841	13.95041352	67.89121552	67.63351332
83	0.34086875	3.700418849	3.685803103	14.0055069	13.95106906	67.90061356	67.63669145
84	0.344959484	3.700944942	3.685974581	14.00746875	13.95173664	67.91012486	67.63992797
85	0.349049642	3.701477323	3.686148087	14.00945393	13.9524146	67.91974928	67.64321481
86	0.353139216	3.702015992	3.686323622	14.01146241	13.95310127	67.9294867	67.64654388
87	0.357228202	3.702560949	3.686501184	14.01349419	13.95379498	67.93933701	67.6499071
88	0.361316593	3.703112193	3.686680771	14.01554922	13.95449407	67.94930008	67.65329639
89	0.365404382	3.703669723	3.686862383	14.01762748	13.95519694	67.95937579	67.65670398
90	0.369491564	3.704233539	3.68704602	14.01972897	13.955903	67.96956408	67.66012708
91	0.373578132	3.704803641	3.687231681	14.02185367	13.9566125	67.97986494	67.66356681
92	0.377664079	3.705380029	3.687419364	14.02400159	13.95732569	67.99027835	67.66702445
93	0.381749399	3.7059627	3.687609068	14.02617273	13.95804283	68.00080432	67.67050123
94	0.385834085	3.706551654	3.687800794	14.02836708	13.95876417	68.01144282	67.67399842
95	0.389918131	3.707146892	3.687994539	14.03058464	13.95948999	68.02219386	67.67751726
96	0.39400153	3.707748413	3.688190303	14.0328254	13.96022052	68.03305741	67.68105902
97	0.398084276	3.708356215	3.688388085	14.03508938	13.96095606	68.04403347	67.68462501
98	0.402166362	3.708970299	3.688587883	14.03737656	13.96169727	68.05512202	67.68821846
99	0.406247782	3.709590664	3.688789699	14.03968694	13.96244516	68.06632306	67.69184437
100	0.410328527	3.710217309	3.688993529	14.04202052	13.96320081	68.07763656	67.69550783
101	0.414408591	3.710850233	3.689199374	14.04437729	13.96396525	68.08906252	67.69921394
102	0.418487967	3.711489436	3.689407232	14.04675725	13.96473953	68.10060091	67.70296778
103	0.422566648	3.712134916	3.689617102	14.04916041	13.96552471	68.11225173	67.70677444
104	0.426644628	3.712786674	3.689828983	14.05158675	13.96632184	68.12401495	67.71063902
105	0.430721898	3.713444709	3.690042875	14.05403627	13.96713193	68.13589057	67.71456645
106	0.434798453	3.71410902	3.690258776	14.05650897	13.96795503	68.14787855	67.71855696
107	0.438874288	3.714779605	3.690476685	14.05900483	13.96878998	68.15997884	67.72260491
108	0.442949395	3.715456466	3.690696602	14.06152385	13.96963555	68.17219139	67.72670433
109	0.447023769	3.7161396	3.690918525	14.06406601	13.9704905	68.18451615	67.73084925
110	0.451097405	3.716829008	3.691142452	14.06663131	13.9713536	68.19695306	67.73503369
111	0.455170297	3.717524687	3.691368384	14.06921973	13.97222362	68.20950208	67.73925169
112	0.459242439	3.718226637	3.69159632	14.07183126	13.97309933	68.22216314	67.74349725
113	0.463313825	3.718934858	3.691826258	14.07446589	13.97397951	68.2349362	67.74776446
114	0.46738445	3.719649349	3.692058198	14.07712361	13.9748636	68.24782118	67.75205065
115	0.471454305	3.720370108	3.692292137	14.0798044	13.97575212	68.260818	67.75635832
116	0.475523385	3.721097136	3.692528074	14.08250823	13.97664568	68.27392654	67.76069043
117	0.479591682	3.721830431	3.692766011	14.08523508	13.9775449	68.2871467	67.76504996
118	0.48365919	3.722569992	3.693005944	14.08798494	13.97845038	68.30047838	67.76943987
119	0.487725902	3.723315818	3.693247873	14.09075778	13.97936275	68.31392149	67.77386314
120	0.49179181	3.724067909	3.693491797	14.09355358	13.9802826	68.3274759	67.77832272
121	0.495856909	3.724826264	3.693737714	14.09637232	13.98121056	68.34114154	67.78282159
122	0.49992119	3.725590881	3.693985624	14.099214	13.98214701	68.35491839	67.78736161
123	0.50398465	3.72636176	3.694235526	14.10207867	13.98309184	68.36880672	67.79194226
124	0.508047281	3.727138899	3.694487419	14.10496639	13.98404488	68.38280678	67.79656274
125	0.512109078	3.727922299	3.6947413	14.10787721	13.98500596	68.39691885	67.80122222
126	0.516170034	3.728711957	3.69499717	14.1108112	13.98597493	68.41114321	67.80591988
127	0.520230145	3.729507873	3.695255026	14.1137684	13.9869516	68.42548012	67.81065492
128	0.524289404	3.730310045	3.695514868	14.11674887	13.98793581	68.43992987	67.8154265
129	0.528347805	3.731118473	3.695776696	14.11975268	13.98892739	68.45449272	67.82023381
130	0.532405342	3.731933157	3.696040508	14.1227798	13.98992621	68.46916864	67.82507625
131	0.536462008	3.732754093	3.696306302	14.12583004	13.9909323	68.48395659	67.8299539
132	0.540517798	3.733581283	3.696574077	14.12890313	13.99194569	68.49885536	67.83486696
133	0.544572704	3.734414723	3.696843832	14.13199883	13.99296643	68.51386374	67.83981563
134	0.548626718	3.735254414	3.697115567	14.13511689	13.99399455	68.52898052	67.84480012
135	0.552679836	3.736100354	3.69738928	14.13825705	13.99503011	68.54420447	67.84982063
136	0.556732049	3.736952541	3.69766497	14.14141907	13.99607314	68.55953438	67.85487738
137	0.560783352	3.737810976	3.697942635	14.1446027	13.99712368	68.57496904	67.85997056
138	0.564833736	3.738675656	3.698222274	14.14780784	13.99818177	68.59050801	67.86510033
139	0.568883198	3.739546581	3.698503887	14.15103516	13.9992474	68.60615448	67.87026666
140	0.57293173	3.740423749	3.698787473	14.15428554	14.00032056	68.62191274	67.87546945
141	0.576979328	3.74130716	3.699073029	14.15755985	14.00140121	68.63778704	67.88070862
142	0.581025985	3.742196811	3.699360555	14.16085897	14.00248935	68.65378167	67.88598405
143	0.585071696	3.743092702	3.699650049	14.1641838	14.00358495	68.66990087	67.89129566
144	0.589116455	3.74399483	3.699941511	14.1675352	14.00468799	68.68614894	67.89664335
145	0.593160257	3.744903196	3.700234939	14.17091407	14.00579845	68.70253013	67.90202703
146	0.597203095	3.745817798	3.700530331	14.17432092	14.00691632	68.71904703	67.90744661
147	0.601244965	3.746738634	3.700827687	14.17775366	14.00804159	68.7356894	67.91290206
148	0.605285858	3.747665703	3.701127006	14.18120895	14.00917425	68.75244116	67.91839339
149	0.60932577	3.748599004	3.701428286	14.18468349	14.01031432	68.76928617	67.92392059
150	0.613364695	3.749538535	3.701731527	14.18817393	14.01146179	68.78620831	67.92948369
151	0.617402625	3.750484295	3.702036725	14.19167696	14.01261666	68.80319146	67.93508266
152	0.621439554	3.751436283	3.702343882	14.19518924	14.01377894	68.82021949	67.94071753
153	0.625475478	3.752394497	3.702652994	14.19870745	14.01494862	68.83727628	67.94638829
154	0.629510388	3.753358936	3.702964062	14.20222868	14.0161257	68.85434764	67.95209495
155	0.63354428	3.754329598	3.703277083	14.2057555	14.01731018	68.87144618	67.95783746
156	0.637577148	3.755306481	3.703592056	14.20929454	14.01850203	68.8886039	67.96361574
157	0.641608986	3.756289586	3.703908982	14.21285247	14.01970125	68.90585326	67.96942973
158	0.645639788	3.757278909	3.704227857	14.21643601	14.02090782	68.92322673	67.97527934
159	0.64966955	3.758274449	3.704548681	14.22005183	14.02212172	68.94075675	67.9811645
160	0.653698265	3.759276205	3.704871452	14.22370665	14.02334294	68.95847579	67.98708514
161	0.657725927	3.760284175	3.705196169	14.22740714	14.02457146	68.97641629	67.99304117
162	0.661752532	3.761298358	3.705522831	14.23115983	14.02580727	68.99460983	67.99903253
163	0.665778073	3.762318753	3.705851436	14.23496539	14.02705036	69.01305971	68.00505918
164	0.669802545	3.763345357	3.706181984	14.23881761	14.02830073	69.03173579	68.01112114
165	0.673825941	3.764378169	3.706514472	14.24270986	14.02955838	69.05060598	68.01721842
166	0.677848257	3.765417187	3.706848901	14.24663553	14.03082332	69.06963817	68.02335104
167	0.681869484	3.766462411	3.707185267	14.250588	14.03209556	69.08880028	68.02951901
168	0.685889619	3.767513837	3.707523571	14.25456065	14.03337509	69.10806023	68.03572236
169	0.689908655	3.768571464	3.70786381	14.25854686	14.03466192	69.12738591	68.04196109
170	0.693926586	3.769635292	3.708205983	14.26254003	14.03595605	69.14674533	68.04823522
171	0.697943407	3.770705318	3.70855009	14.26653644	14.03725749	69.16612047	68.05454475
172	0.70195911	3.77178154	3.708896128	14.27053827	14.03856621	69.18552192	68.0608896
173	0.705973692	3.772863957	3.709244096	14.27454844	14.0398822	69.20496378	68.0672697
174	0.709987145	3.773952567	3.709593993	14.27856986	14.04120544	69.22446014	68.07368495
175	0.713999464	3.775047368	3.709945817	14.28260542	14.04253592	69.24402511	68.0801353
176	0.718010644	3.776148359	3.710299568	14.28665805	14.04387362	69.2636728	68.08662065
177	0.722020677	3.777255537	3.710655244	14.29073064	14.04521852	69.28341728	68.09314093
178	0.72602956	3.778368902	3.711012843	14.29482611	14.04657061	69.30327268	68.09969607
179	0.730037284	3.77948845	3.711372365	14.29894683	14.04792989	69.32325051	68.10628601
180	0.734043847	3.780614181	3.711733807	14.30309312	14.04929636	69.34335225	68.11291087
181	0.738049241	3.781746093	3.712097168	14.30726475	14.05067007	69.36357691	68.11957077
182	0.742053461	3.782884184	3.712462448	14.31146154	14.05205103	69.38392353	68.12626587
183	0.746056503	3.784028451	3.712829644	14.31568328	14.05343928	69.4043911	68.13299629
184	0.75005836	3.785178894	3.713198755	14.31992977	14.05483484	69.42497865	68.13976217
185	0.754059027	3.786335509	3.71356978	14.3242008	14.05623775	69.44568519	68.14656366
186	0.7580585	3.787498296	3.713942717	14.32849617	14.05764803	69.46650973	68.15340089
187	0.762056771	3.788667253	3.714317566	14.33281568	14.05906569	69.48745132	68.16027392
188	0.766053837	3.789842378	3.714694323	14.33715916	14.06049065	69.50850907	68.1671823
189	0.770049691	3.791023668	3.715072989	14.34152642	14.06192274	69.52968217	68.17412529
190	0.774044328	3.792211122	3.715453561	14.34591731	14.06336182	69.5509698	68.18110214
191	0.778037743	3.793404738	3.715836038	14.35033165	14.06480774	69.57237113	68.18811213
192	0.78202993	3.794604514	3.71622042	14.35476928	14.06626033	69.59388535	68.1951545
193	0.786020883	3.795810448	3.716606703	14.35923002	14.06771945	69.61551164	68.20222852
194	0.790010597	3.797022539	3.716994888	14.36371371	14.06918495	69.63724918	68.20933346
195	0.793999067	3.798240783	3.717384972	14.36822016	14.07065669	69.65909705	68.21646864
196	0.797986287	3.799465181	3.717776954	14.37274868	14.07213486	69.68105193	68.22363501
197	0.801972252	3.800695728	3.718170832	14.3772981	14.07361998	69.70310816	68.2308351
198	0.805956956	3.801932424	3.718566606	14.38186723	14.0751126	69.72525995	68.23807153
199	0.809940395	3.803175266	3.718964273	14.38645489	14.07661326	69.74750153	68.24534691
200	0.813922562	3.804424253	3.719363832	14.39105987	14.07812248	69.76982711	68.25266384
201	0.817903452	3.805679382	3.719765281	14.39568099	14.07964082	69.79223091	68.26002494
202	0.821883061	3.806940652	3.72016862	14.40031704	14.0811688	69.81470715	68.26743283
203	0.825861382	3.808208061	3.720573846	14.40496686	14.08270697	69.8372501	68.27489009
204	0.829838411	3.809481607	3.720980958	14.40963053	14.08425539	69.85986022	68.28239702
205	0.833814141	3.810761287	3.721389955	14.41431089	14.08581311	69.88255124	68.28994904
206	0.837788569	3.8120471	3.721800835	14.41901112	14.08737904	69.90533859	68.29754091
207	0.841761687	3.813339043	3.722213596	14.4237344	14.08895212	69.9282377	68.30516741
208	0.845733492	3.814637116	3.722628237	14.42848391	14.09053127	69.95126399	68.31282333
209	0.849703977	3.815941316	3.723044757	14.43326284	14.0921154	69.9744329	68.32050343
210	0.853673137	3.817251641	3.723463154	14.43807437	14.09370345	69.99775984	68.32820249
211	0.857640968	3.818568088	3.723883426	14.44292168	14.09529433	70.02126024	68.33591529
212	0.861607463	3.819890657	3.724305572	14.44780698	14.09688722	70.04494487	68.34363784
213	0.865572618	3.821219344	3.724729591	14.45272744	14.09848265	70.06879992	68.35137274
214	0.869536429	3.822554149	3.725155479	14.45767855	14.10008161	70.09280358	68.35912468
215	0.87349889	3.823895069	3.725583237	14.46265581	14.10168505	70.11693401	68.36689839
216	0.877459997	3.825242102	3.726012863	14.46765471	14.10329396	70.14116937	68.37469858
217	0.881419745	3.826595247	3.726444354	14.47267076	14.1049093	70.16548785	68.38252998
218	0.885378129	3.827954501	3.72687771	14.47769944	14.10653205	70.1898676	68.3903973
219	0.889335145	3.829319862	3.727312929	14.48273626	14.10816318	70.2142868	68.39830526
220	0.893290788	3.83069133	3.727750009	14.48777702	14.10980363	70.2387251	68.4062584
221	0.897245053	3.832068901	3.728188948	14.49282248	14.11145375	70.26318615	68.41425838
222	0.901197935	3.833452574	3.728629746	14.49787741	14.11311338	70.28769318	68.42230451
223	0.905149428	3.834842347	3.729072401	14.50294673	14.11478238	70.31226993	68.43039606
224	0.909099527	3.836238218	3.72951691	14.50803534	14.1164606	70.33694019	68.43853226
225	0.913048227	3.837640185	3.729963272	14.51314814	14.11814787	70.36172772	68.44671238
226	0.916995522	3.839048247	3.730411485	14.51829002	14.11984404	70.3866563	68.45493565
227	0.920941407	3.840462402	3.730861549	14.52346591	14.12154896	70.41174968	68.46320134
228	0.924885877	3.841882648	3.73131346	14.52868067	14.12326247	70.43703156	68.47150868
229	0.928828926	3.843308983	3.731767219	14.5339364	14.12498425	70.46251207	68.4798561
230	0.932770551	3.844741405	3.732222822	14.53922938	14.12671362	70.48817314	68.48824033
231	0.936710746	3.846179914	3.732680268	14.54455514	14.12844987	70.51399317	68.49665788
232	0.940649506	3.847624507	3.733139557	14.54990923	14.13019226	70.53995055	68.50510525
233	0.944586827	3.849075181	3.733600685	14.5552872	14.13194009	70.56602368	68.51357897
234	0.948522704	3.850531936	3.734063651	14.56068459	14.13369263	70.59219097	68.52207553
235	0.952457133	3.85199477	3.734528454	14.56609695	14.13544917	70.61843081	68.53059146
236	0.956390109	3.853463682	3.734995092	14.57151981	14.13720898	70.6447216	68.53912325
237	0.960321627	3.85493867	3.735463564	14.57694951	14.1389715	70.67104549	68.54766822
238	0.964251682	3.856419732	3.735933866	14.58238731	14.14073723	70.6974087	68.5562287
239	0.96818027	3.857906867	3.736405999	14.58783646	14.14250705	70.72382695	68.56480904
240	0.972107386	3.859400073	3.736879959	14.59330021	14.14428187	70.75031595	68.57341358
241	0.976033024	3.860899349	3.737355745	14.5987818	14.14606257	70.77689146	68.58204666
242	0.97995718	3.862404693	3.737833357	14.60428449	14.14785005	70.80356921	68.59071263
243	0.98387985	3.863916105	3.738312792	14.6098115	14.14964521	70.83036494	68.59941583
244	0.987801027	3.865433581	3.738794048	14.6153661	14.15144895	70.85729437	68.60816061
245	0.991720707	3.866957122	3.739277123	14.62095144	14.15326215	70.8843729	68.61695122
246	0.995638886	3.868486726	3.739762016	14.62656841	14.15508518	70.91160475	68.62578951
247	0.999555558	3.870022391	3.740248724	14.63221519	14.15691783	70.93898108	68.63467445
248	1.003470719	3.871564117	3.740737247	14.63788979	14.15875986	70.96649231	68.64360486
249	1.007384364	3.873111902	3.741227583	14.64359023	14.16061102	70.99412885	68.65257955
250	1.011296487	3.874665745	3.741719729	14.64931455	14.16247107	71.02188113	68.66159733
251	1.015207085	3.876225646	3.742213683	14.65506076	14.16433976	71.04973954	68.67065702
252	1.019116152	3.877791602	3.742709445	14.66082689	14.16621686	71.07769452	68.67975743
253	1.023023683	3.879363613	3.743207013	14.66661096	14.16810211	71.10573647	68.68889739
254	1.026929674	3.880941678	3.743706384	14.67241145	14.1699952	71.13385808	68.69807535
255	1.03083412	3.882525795	3.744207556	14.67822872	14.17189553	71.16206097	68.7072884
256	1.034737018	3.884115965	3.744710528	14.68406353	14.17380243	71.19034895	68.7165333
257	1.038638364	3.885712187	3.745215298	14.68991668	14.17571522	71.21872583	68.7258068
258	1.042538154	3.887314458	3.745721866	14.69578896	14.17763325	71.2471954	68.73510566
259	1.046436384	3.888922779	3.746230227	14.70168113	14.17955584	71.27576149	68.74442661
260	1.050333049	3.890537149	3.746740381	14.707594	14.18148231	71.30442789	68.75376642
261	1.054228147	3.892157567	3.747252326	14.71352835	14.183412	71.33319842	68.76312184
262	1.058121673	3.893784033	3.74776606	14.71948494	14.1853443	71.36207677	68.77248988
263	1.062013623	3.895416546	3.748281581	14.72546413	14.18727956	71.39106471	68.7818723
264	1.065903992	3.897055106	3.748798887	14.73146592	14.18921903	71.42016223	68.79127512
265	1.069792774	3.898699712	3.749317977	14.73749032	14.19116398	71.4493693	68.8007045
266	1.073679966	3.900350364	3.749838849	14.74353729	14.19311568	71.47868587	68.81016658
267	1.077565562	3.902007062	3.7503615	14.74960684	14.19507539	71.50811189	68.81966754
268	1.081449556	3.903669805	3.750885929	14.75569896	14.19704439	71.53764732	68.82921352
269	1.085331945	3.905338592	3.751412134	14.76181364	14.19902395	71.5672921	68.83881069
270	1.089212724	3.907013425	3.751940114	14.76795086	14.20101534	71.59704619	68.8484652
271	1.093091887	3.908694304	3.752469866	14.77411054	14.20301935	71.62690917	68.85818092
272	1.09696943	3.910381226	3.753001388	14.78029233	14.20503516	71.65687933	68.86795388
273	1.100845351	3.912074194	3.753534678	14.78649582	14.20706164	71.6869547	68.87777851
274	1.104719644	3.913773206	3.754069736	14.79272061	14.20909761	71.7171333	68.88764919
275	1.108592306	3.915478265	3.754606558	14.79896627	14.21114193	71.74741316	68.89756032
276	1.112463334	3.917189369	3.755145143	14.80523242	14.21319344	71.7777923	68.90750631
277	1.116332723	3.918906518	3.755685489	14.81151864	14.21525098	71.80826875	68.91748156
278	1.120200469	3.920629713	3.756227594	14.81782452	14.2173134	71.83884053	68.92748046
279	1.12406657	3.922358956	3.756771457	14.82414969	14.21937957	71.86950578	68.93749751
280	1.127931019	3.924094245	3.757317075	14.83049421	14.22144873	71.90026492	68.94752907
281	1.131793814	3.925835583	3.757864447	14.83685862	14.22352048	71.93112043	68.95757321
282	1.13565495	3.927582969	3.75841357	14.84324343	14.22559444	71.96207489	68.96762804
283	1.139514422	3.929336404	3.758964442	14.84964919	14.22767022	71.99313086	68.97769171
284	1.143372226	3.931095889	3.759517062	14.85607641	14.22974743	72.0242909	68.98776233
285	1.147228357	3.932861425	3.760071428	14.86252563	14.23182569	72.05555759	68.99783803
286	1.151082812	3.934633013	3.760627538	14.86899737	14.23390462	72.0869335	69.00791694
287	1.154935586	3.936410653	3.761185389	14.87549217	14.23598382	72.11842118	69.01799718
288	1.158786674	3.938194347	3.761744981	14.88201036	14.23806338	72.15002224	69.02807917
289	1.162636073	3.939984097	3.762306311	14.88855143	14.24014538	72.18173426	69.03817299
290	1.166483778	3.941779903	3.762869377	14.89511467	14.24223241	72.21355374	69.04829123
291	1.170329785	3.943581767	3.763434178	14.90169935	14.24432708	72.24547718	69.05844649
292	1.17417409	3.945389689	3.76400071	14.90830476	14.24643199	72.27750108	69.06865137
293	1.178016689	3.947203673	3.764568974	14.91493016	14.24854974	72.30962197	69.07891848
294	1.181857578	3.949023718	3.765138966	14.92157485	14.25068291	72.34183633	69.08926041
295	1.185696753	3.950849826	3.765710684	14.9282381	14.25283412	72.37414068	69.09968976
296	1.189534209	3.952682	3.766284126	14.93491922	14.25500589	72.40653165	69.1102188
297	1.193369944	3.954520242	3.766859292	14.94161853	14.257198	72.43901081	69.12084645
298	1.197203952	3.956364552	3.767436179	14.94833768	14.25940666	72.47158618	69.13155434
299	1.201036232	3.958214933	3.768014785	14.95507841	14.26162784	72.50426617	69.1423229
300	1.204866778	3.960071387	3.768595108	14.96184247	14.2638575	72.53705923	69.15313261
301	1.208695589	3.961933916	3.769177146	14.96863158	14.26609161	72.56997379	69.1639639
302	1.21252266	3.963802522	3.769760896	14.9754475	14.26832615	72.60301827	69.17479725
303	1.216347987	3.965677207	3.770346359	14.98229195	14.27055708	72.63620112	69.1856131
304	1.220171568	3.967557974	3.77093353	14.98916668	14.27278037	72.66953077	69.1963919
305	1.223993398	3.969444824	3.771522409	14.99607298	14.27499265	72.70301345	69.20711736
306	1.227813475	3.97133776	3.772112994	15.00300859	14.27719579	72.73663821	69.21779846
307	1.231631793	3.973236784	3.772705282	15.00996958	14.27939408	72.77038608	69.22845607
308	1.235448349	3.9751419	3.773299273	15.01695204	14.28159184	72.80423799	69.23911113
309	1.23926314	3.977053109	3.773894963	15.02395203	14.28379339	72.8381749	69.24978456
310	1.24307616	3.978970415	3.774492352	15.03096563	14.28600306	72.87217777	69.2604973
311	1.246887407	3.98089382	3.775091436	15.0379889	14.28822515	72.90622756	69.2712703
312	1.250696876	3.982823326	3.775692215	15.04501792	14.29046398	72.94030521	69.28212447
313	1.254504563	3.984758938	3.776294686	15.05204877	14.29272387	72.9743917	69.29308075
314	1.258310464	3.986700656	3.776898848	15.05908018	14.2950074	73.00848095	69.30415157
315	1.262114577	3.988648484	3.777504698	15.06611811	14.29731238	73.04260181	69.31532644
316	1.265916897	3.990602426	3.778112236	15.07316972	14.29963587	73.07678899	69.32659105
317	1.269717421	3.992562484	3.778721458	15.08024218	14.30197492	73.11107721	69.33793106
318	1.273516147	3.994528661	3.779332364	15.08734263	14.30432656	73.14550118	69.34933215
319	1.27731307	3.99650096	3.779944951	15.09447824	14.30668785	73.1800956	69.36078001
320	1.281108187	3.998479385	3.780559218	15.10165617	14.30905583	73.21489519	69.3722603
321	1.284901496	4.000463938	3.781175162	15.10888358	14.31142754	73.24993466	69.3837587
322	1.288692992	4.002454623	3.781792783	15.11616737	14.31380007	73.28524747	69.39526105
323	1.292482672	4.004451442	3.782412078	15.12350662	14.31617152	73.32082916	69.40675815
324	1.296270532	4.0064544	3.783033045	15.13089144	14.31854116	73.35663178	69.41824649
325	1.300056569	4.008463499	3.783655683	15.13831144	14.32090834	73.39260493	69.42972288
326	1.303840778	4.010478743	3.78427999	15.14575621	14.32327239	73.42869823	69.44118413
327	1.307623157	4.012500134	3.784905964	15.15321538	14.32563266	73.4648613	69.45262704
328	1.311403701	4.014527675	3.785533603	15.16067855	14.32798849	73.50104375	69.46404842
329	1.315182406	4.016561371	3.786162906	15.16813532	14.33033922	73.53719521	69.47544508
330	1.318959268	4.018601225	3.786793872	15.17557531	14.33268419	73.57326528	69.48681383
331	1.322734285	4.020647238	3.787426498	15.18298934	14.33502307	73.60920954	69.49815303
332	1.326507452	4.022699416	3.788060782	15.19037991	14.33735856	73.64504	69.50947583
333	1.330278767	4.02475776	3.788696724	15.19775591	14.33969508	73.68079986	69.52080358
334	1.334048228	4.026822274	3.78933432	15.20512632	14.34203703	73.71653263	69.53215767
335	1.33781583	4.02889296	3.789973571	15.21250013	14.34438883	73.75228185	69.54355952
336	1.341581573	4.030969822	3.790614474	15.2198863	14.3467549	73.78809104	69.55503055
337	1.345345451	4.033052862	3.791257028	15.22729382	14.34913965	73.82400371	69.56659216
338	1.349107464	4.035142085	3.79190123	15.23473166	14.35154751	73.86006339	69.57826577
339	1.352867608	4.037237492	3.792547081	15.24220881	14.35398288	73.89631361	69.5900728
340	1.356625879	4.039339085	3.793194577	15.24973242	14.35644853	73.93278909	69.60202659
341	1.360382276	4.041446868	3.793843718	15.2573016	14.35893983	73.96948553	69.61410475
342	1.364136794	4.043560843	3.794494502	15.26491323	14.3614501	74.00638773	69.62627491
343	1.36788943	4.045681012	3.795146927	15.27256416	14.36397268	74.04348052	69.6385047
344	1.371640181	4.047807377	3.795800992	15.28025128	14.36650088	74.08074873	69.65076178
345	1.375389044	4.049939942	3.796456696	15.28797146	14.36902804	74.11817718	69.66301377
346	1.379136014	4.052078706	3.797114037	15.29572155	14.37154747	74.15575069	69.67522833
347	1.382881089	4.054223672	3.797773014	15.30349843	14.37405251	74.19345408	69.68737309
348	1.386624265	4.056374843	3.798433626	15.31129898	14.37653649	74.23127219	69.69941575
349	1.390365539	4.058532218	3.799095871	15.31912139	14.37899654	74.26919631	69.71134242
350	1.394104908	4.0606958	3.799759748	15.32696712	14.38143911	74.30723352	69.72318434
351	1.397842369	4.062865589	3.800425256	15.33483813	14.38387204	74.34539324	69.73497954
352	1.40157792	4.065041585	3.801092392	15.34273636	14.38630319	74.38368493	69.74676605
353	1.405311557	4.06722379	3.801761158	15.35066376	14.38874038	74.42211803	69.75858189
354	1.409043278	4.069412203	3.80243155	15.35862227	14.39119146	74.46070199	69.7704651
355	1.41277308	4.071606825	3.803103568	15.36661384	14.39366429	74.49944624	69.78245369
356	1.41650096	4.073807655	3.803777212	15.37464043	14.3961667	74.53836023	69.7945857
357	1.420226915	4.076014692	3.804452479	15.38270391	14.39870644	74.5774531	69.80689872
358	1.423950942	4.078227935	3.805129369	15.39080234	14.40128578	74.61671538	69.81940372
359	1.427673039	4.080447383	3.80580788	15.39892775	14.40389838	74.65610846	69.83206994
360	1.431393203	4.082673034	3.806488012	15.40707164	14.40653713	74.69559116	69.844863
361	1.435111431	4.084904886	3.807169763	15.41522552	14.40919496	74.73512231	69.8577485
362	1.43882772	4.087142936	3.807853134	15.42338091	14.41186476	74.77466074	69.87069205
363	1.442542067	4.089387181	3.808538123	15.43152931	14.41453944	74.8141653	69.88365926
364	1.44625447	4.091637617	3.809224729	15.43966223	14.4172119	74.8535948	69.89661572
365	1.449964926	4.093894242	3.809912951	15.44777117	14.41987505	74.89290808	69.90952706
366	1.453673432	4.096157049	3.810602789	15.45584795	14.42252199	74.93206537	69.92235975
367	1.457379985	4.098426033	3.811294241	15.46389278	14.4251511	74.97106782	69.93510603
368	1.461084585	4.10070119	3.811987308	15.47191549	14.42776681	75.00996302	69.94778736
369	1.46478723	4.102982513	3.81268199	15.47992642	14.43037387	75.04880111	69.96042678
370	1.468487917	4.105269995	3.813378284	15.48793591	14.43297705	75.08763219	69.97304733
371	1.472186645	4.107563629	3.814076191	15.49595429	14.43558109	75.12650639	69.98567206
372	1.475883413	4.109863406	3.814775709	15.5039919	14.43819074	75.16547383	69.99832401
373	1.479578219	4.112169317	3.81547684	15.51205907	14.44081076	75.20458462	70.01102622
374	1.483271062	4.114481352	3.816179582	15.52016616	14.4434459	75.24388887	70.02380173
375	1.486961939	4.116799501	3.816883935	15.52832308	14.4461007	75.28343474	70.03667258
376	1.490650849	4.119123753	3.817589899	15.53653163	14.44877551	75.32323094	70.04964044
377	1.49433779	4.121454095	3.818297474	15.54478613	14.45146683	75.36324986	70.06268829
378	1.498022759	4.123790515	3.819006659	15.5530806	14.45417098	75.40346259	70.0757984
379	1.501705756	4.126132998	3.819717454	15.56140908	14.45688432	75.44384017	70.08895306
380	1.505386776	4.128481529	3.82042986	15.56976558	14.45960319	75.48435367	70.10213452
381	1.50906582	4.130836093	3.821143876	15.57814416	14.46232394	75.52497414	70.11532507
382	1.512742884	4.133196671	3.821859503	15.58653883	14.4650429	75.56567265	70.12850697
383	1.516417966	4.135563246	3.822576741	15.59494362	14.46775643	75.60642025	70.14166251
384	1.520091065	4.137935798	3.823295589	15.60335311	14.47046106	75.64719058	70.15477496
385	1.523762177	4.140314308	3.824016048	15.61177086	14.47315688	75.688001	70.16784466
386	1.527431299	4.142698752	3.824738118	15.62020798	14.47584689	75.72890532	70.18088619
387	1.531098428	4.145089107	3.825461801	15.62867581	14.47853418	75.76995849	70.19391455
388	1.534763559	4.147485349	3.826187096	15.63718567	14.48122186	75.81121545	70.20694475
389	1.53842669	4.149887452	3.826914004	15.64574889	14.483913	75.85273114	70.2199918
390	1.542087817	4.152295388	3.827642525	15.65437681	14.48661072	75.89456048	70.23307072
391	1.545746936	4.154709129	3.828372661	15.66308076	14.48931811	75.93675843	70.2461965
392	1.549404044	4.157128644	3.829104411	15.67187208	14.49203826	75.97937992	70.25938416
393	1.553059138	4.1595539	3.829837778	15.68076099	14.49477414	76.02247458	70.27264806
394	1.556712217	4.161984863	3.830572761	15.68973874	14.49752641	76.06599996	70.28599145
395	1.560363285	4.164421496	3.831309363	15.69878048	14.50029379	76.10983555	70.29940811
396	1.564012344	4.166863764	3.832047584	15.70786085	14.50307495	76.15385839	70.31289155
397	1.567659397	4.169311625	3.832787425	15.71695446	14.50586854	76.1979455	70.32643527
398	1.571304448	4.171765039	3.833528887	15.72603598	14.50867323	76.24197391	70.34003277
399	1.574947499	4.174223961	3.834271973	15.73508002	14.51148767	76.28582067	70.35367755
400	1.578588554	4.176688345	3.835016683	15.74406123	14.51431052	76.3293628	70.36736311
401	1.582227614	4.179158142	3.835763019	15.75295424	14.51714044	76.37247733	70.38108296
402	1.585864683	4.181633303	3.836510982	15.76173458	14.51997611	76.41504561	70.39483069
403	1.589499744	4.184113773	3.837260575	15.77039708	14.52281664	76.45704263	70.40860196
404	1.593132764	4.186599498	3.838011799	15.77895528	14.52566155	76.49853394	70.42239445
405	1.596763706	4.189090418	3.838764657	15.78742345	14.52851037	76.5395888	70.43620591
406	1.600392536	4.191586474	3.83951915	15.79581589	14.53136263	76.58027647	70.4500341
407	1.60401922	4.1940876	3.840275281	15.80414687	14.53421789	76.62066622	70.46387676
408	1.607643722	4.19659373	3.841033051	15.81243069	14.53707566	76.66082729	70.47773165
409	1.611266008	4.199104794	3.841792464	15.82068162	14.5399355	76.70082896	70.49159653
410	1.614886042	4.201620718	3.842553522	15.82891397	14.54279693	76.74074048	70.50546914
411	1.618503794	4.204141428	3.843316227	15.83714182	14.5456595	76.78063025	70.51934727
412	1.622119354	4.206666841	3.844080582	15.84537304	14.5485229	76.82053633	70.53322943
413	1.625732964	4.209196875	3.844846591	15.85360768	14.55138703	76.86045896	70.54711513
414	1.629344878	4.211731444	3.845614255	15.86184528	14.5542518	76.90039599	70.5610039
415	1.632955347	4.214270455	3.846383579	15.87008541	14.5571171	76.94034528	70.57489528
416	1.636564624	4.216813816	3.847154566	15.87832763	14.55998285	76.98030469	70.58878883
417	1.640172961	4.219361426	3.847927218	15.8865715	14.56284895	77.02027207	70.60268407
418	1.643780611	4.221913181	3.84870154	15.89481656	14.56571531	77.06024529	70.61658056
419	1.647387826	4.224468976	3.849477536	15.90306239	14.56858183	77.1002222	70.63047784
420	1.650994857	4.227028699	3.85025521	15.91130854	14.57144841	77.14020066	70.64437545